rdp	Colon_A1	Colon_A2	Colon_A3	Colon_A4	Colon_A5	Colon_A6	Colon_B1	Colon_B2	Colon_B3	Colon_B4	Colon_B5	Colon_B6	Colon_C1	Colon_C2	Colon_C3	Colon_C4	Colon_C5	Colon_C6	Colon_D1	Colon_D2	Colon_D3	Colon_D4	Colon_D5	Colon_D6	SI_A1	SI_A2	SI_A3	SI_A4	SI_A5	SI_A6	SI_B1	SI_B2	SI_B3	SI_B4	SI_B5	SI_B6	SI_C1	SI_C2	SI_C3	SI_C4	SI_C5	SI_C6	SI_D1	SI_D2	SI_D3	SI_D4	SI_D5	SI_D6
Acetatifactor	0.0015	0.0071	0.0018	0.003	0	0.0166	0.0034	0.0077	0.0043	0.0018	0.0032	0.0074	0.0066	0.0024	0.0023	0.0012	0.0016	0.0063	6e-04	0.0313	0.006	5e-04	0.0044	0.0098	0	5e-04	0	0	0	0	0	3e-04	0	0	0.0019	0	0	5e-04	0	0	0	0	0	0	0	0	0.0066	0
Acinetobacter	0	0	0	2e-04	0	0	0	0	0	0	0	0	0	0	0	0	0	0	0	0	0	0	0	0	0	0.0045	0	0.0219	0	0	0	0	0	0	0	0	0	6e-04	0	0.0024	0	0	0	0.0013	0	0.3045	0	0
Acutalibacter	0.0053	0	0	0	0	0	0	0	0	0	0	0	0	0	0	0	0	0	0	0	0.0012	0	8e-04	0	0	0	0	0	0	0	0	0	0	0	0	0	0	0	0	0	0	0	0	0	0	0	0.0015	0
Adlercreutzia	0.0289	0.0065	0.0095	0.0101	0.0124	0.0043	0.0188	0.0171	0.0115	0.0071	0.0246	0.0118	0.0147	0.0101	0.0029	0.0112	0.0134	0.0107	0.007	0.0038	0.0125	0.005	0.0101	0.0067	0.0728	0.0504	0.0084	0.0501	0.0142	0.0156	0.0155	0.0657	0	0.0415	0.0015	0.0446	0	4e-04	0	4e-04	0.0356	0.0509	5e-04	0.0099	0.007	0.0209	0.0066	0.0024
Aerococcus	0	0	0	0	0	0	0	0	0	0	0	0	0	0	0	0	0	0	0	0	0	0	0	0	7e-04	0	0	0	0	0	0	0	0	0	0	0	0	0	0	0	0	0	0	0	3e-04	0	0	0
Akkermansia	0	0	0.0032	0.005	0	0.0256	0	0	0.0044	0	0	0	0	0.0641	8e-04	0	0.0094	0	0	0.0546	0	5e-04	0	0.1541	0	0	2e-04	0	0	7e-04	0	0	0	0	0	0	0	0	0	0	6e-04	0	0	0.0042	0	0.0105	0	0
Alistipes	0.0884	0.1468	0.0118	0.1146	0.0223	0.1068	0.0354	0.0923	0.0274	0.0721	0.0474	0.1256	0.0899	0.066	0.0563	0.1215	0.0399	0.1021	0.0303	0.1186	0.0937	0.1013	0.051	0.1166	1e-04	0	0	0	0	0	0	0	0	0	0	0	0	9e-04	0	2e-04	0	3e-04	0.0021	0.0012	0	0	0.0057	0.0266
Anaerofustis	7e-04	0	0	2e-04	0	0	0	0	0	0	1e-04	3e-04	4e-04	0	0	2e-04	6e-04	0	1e-04	0	0	0	0	0	0	0	0	0	0	0	0	0	0	0	0	0	0	0	0	0	0	0	0	0	0	0	0	0
Anaerotignum	0.0018	0.0013	6e-04	0.0012	0	0.0011	5e-04	0.0015	9e-04	0	0.001	7e-04	5e-04	0.0015	5e-04	0	0.0014	0.002	0	8e-04	6e-04	7e-04	0	7e-04	0	0	0	0	0	0	0	0	0	0	0	0	0	0	0	0	0	0	0	0	0	0	0	0
Bacteroides	0.0429	0.0767	0.0251	0.1108	0.0238	0.1824	0.0627	0.1511	0.0849	0.0683	0.0461	0.0621	0.0847	0.2365	0.1011	0.0546	0.0563	0.0723	0.0532	0.0363	0.0816	0.2077	0.1249	0.089	0	0	0	0	0	0	0	0	0	0	0	0	0	7e-04	0	0	0	0	9e-04	4e-04	0	0	0	0
Bifidobacterium	0.0013	4e-04	0.2916	0.0104	0.2623	0.0214	0	0.0015	0	4e-04	0.0316	0.0343	0.1349	0.0133	0.1528	0.09	0.1034	0.0227	0.2088	0.0627	0.0066	0.0065	6e-04	0.024	0.0034	8e-04	0.4038	0.0906	0.2963	0.2408	0	0.0023	0	0.124	0.002	0.3658	0.0016	0	0	0.0038	0.1875	0.2404	0.01	0.6506	5e-04	0	0	0.013
Bilophila	0	0	0	0	0	0	5e-04	0	0	2e-04	0	0	0	0.0019	0	0	0	2e-04	0	0.0015	0	0.0069	0	0.0108	0	0	0	0	0	0	0	0	0	0	0	0	0	0	0	0	0	0	0	0	0	0	0	0
Blastomonas	0	0	0	0	0	0	0	0	0	0	0	0	0	0	0	0	0	0	0	0	0	0	0	0	0	0	0	0	0	0	0	0	0	0	0	0	0	0	0	0	0	0	0	2e-04	0	0	0	0
Bosea	0	0	0	0	0	0	0	0	0	0	0	0	0	0	0	0	0	0	0	0	0	0	0	0	0	0	0	0	0	0	0	0	0	0	0	0	0	0	0	0	0	0	0	3e-04	0	0	0	0
Brevibacterium	0	0	0	0	0	0	0	0	0	0	0	0	0	0	0	0	0	0	0	0	0	0	0	0	0	0	0	0	0	0	0	0	0	0	0	0	2e-04	0	0	0	0	0	0	0	0	0	0	0
Burkholderia	0	0	0	0	0	0	0	0	0	0	0	0	0	0	0	0	0	0	0	0	0	0	0	0	0	0	0	0	0	0	0	0	0	0	4e-04	0	0	0	0	0	0	0	0	0	0	0	0	0.0023
Butyricicoccus	0	4e-04	0	0	0	0.0012	0	0	0	0	0	0	0	0	0	0	0	0	0	0	0	4e-04	0	0	0	0	0	0	0	0	0	0	0	0	0	0	0	0	0	0	0	0	0	0	0	0	0	0
Chryseobacterium	0	0	0	0	0	4e-04	0	0	0	0	0	0	0	0	0	0	0	0	0	0	0	0	0	0	0	0	0	0.0085	0	0	0	0	0	0	0	0	0	0	0	0	0	0	0	0	0	0	0	0
Clostridium IV	0	0	0	0	0	0	0	0	0	0	0.0029	0	0	0	0	0	3e-04	4e-04	0	0	0	0	0	0	0	0	0	0	0	0	0	0	0	0	0	0	0	0	0	0	0	0	0	0	0	0	0	0
Clostridium sensu stricto	0	0	0.0097	0	0.0215	0	0	0	0.0042	0	0	0	0	0	0	0	0	0	0.0353	0	0.0408	0	0.1256	0	2e-04	0	4e-04	0	0.0036	0	0	0	3e-04	0.0062	0	0	0	0	1e-04	0	0	0	0.0801	0	0.1259	0	0.0144	0
Clostridium XlVa	0.011	7e-04	0.0011	0.0025	5e-04	0.0022	5e-04	0.001	5e-04	0.0027	0.0034	0.006	0.0069	0	0.0025	0.0011	0.0036	0.0108	0	0.0011	0.0021	0.0062	0.0028	0.0022	0.0021	8e-04	0	0	0	0	0	0	0	0	0.0015	0.0022	0	0	0	0.001	0.004	0.0112	0	0	0	0	0.0017	0
Clostridium XlVb	0.0012	0	6e-04	0	0	0	2e-04	5e-04	0.001	5e-04	7e-04	0	8e-04	2e-04	0	0	3e-04	4e-04	0	0	4e-04	2e-04	0	3e-04	0	0	0	0	0	0	0	0	0	0	0	0	0	0	0	0	0	0	0	0	0	0	0.001	0
Clostridium XVIII	0	0.0017	5e-04	8e-04	9e-04	4e-04	4e-04	0.0023	0.0016	0	7e-04	5e-04	0.0013	0.0043	2e-04	0.0032	0	7e-04	7e-04	0	0	9e-04	0.0023	0.0013	0	0	0	0	0	0	0	0	0	0	0	0	0	0	0	0	0	0	0	0	0	0	0	0
Corynebacterium	0	0	0	0	0	0	0	0	0	0	0	0	0	0	0	0	0	0	0	0	0	0	0	0	0	0	0	0	0	0	0	0	0	0	0	0	0	0	0	0	0	0	0	0	0.0012	0	0	6e-04
Dorea	0.0014	0.0034	0	0.0027	0	0.0085	0	0	0	0.001	0	0.0036	0	0	0	9e-04	0.0023	0	0	0.0014	0	0	0.0023	0	3e-04	0.0037	0	0.0021	4e-04	4e-04	0	0	0	0	0	0.0016	0	0	0	0	0	0	0	2e-04	0	0	0	0
Dysosmobacter	0.0019	0.0012	7e-04	0	0	0	1e-04	2e-04	0	0.0014	6e-04	4e-04	4e-04	0.001	4e-04	0	8e-04	0.0011	4e-04	0.0016	0	0.0028	0	0.0011	0	0	0	0	0	0	0	0	0	0	1e-04	0	0	0	0	0	0	0	0	0	0	0	0	0
Eisenbergiella	0	0	0	0	0	0	0	0.0013	0	0.0157	6e-04	0.0054	5e-04	0	0	0	0	0	0	0	0	0	0.001	0	0	0	0	0	0	0	0	0	0	0	0	3e-04	0	0	0	0	0	0	0	0	0	0	0	0
Enterocloster	0	0	0	0	0	0	0	0	0	0	0	0	0	0	0	0	0	0	0	0	0	0	0	0	0	0	0	0	0	0	0	0	0	0	0	0	0	8e-04	0	0	0	0	0	0	0	0	0	0
Enterococcus	0	0	0	0	0	0	0	0	0	0	0	0	0	0	0	0	0	0	0	0	0	0	0	0	0	0	0	0	0	0	0	0	0	0	6e-04	0	7e-04	0.0017	0	0	0	0	0	0	0	0	0	0
Escherichia/Shigella	0	0	0	0	0	0	0	0	0	0	3e-04	0	3e-04	0	0	0	0	0	0	2e-04	0	8e-04	0	8e-04	0	3e-04	0	0	0	0	0	0	0	0	0.0114	0	0.0087	0.031	4e-04	0.0035	0	0	0	0	0	0.0387	0	0.007
Flintibacter	0.0058	0.0027	0	0	0	0.002	0.0033	0.0014	0.0018	0.0059	0.0039	0.0053	0.0056	0.0033	0.001	0.0028	0.0028	0.0046	0.0014	0.0104	0.0023	0.0089	0.0016	0.0064	0	0	0	0	0	0	0	0	0	0	0	0	0	0	0	0	0	0	6e-04	8e-04	0	0	0.0022	0
Glycomyces	0	0	0	0	0	0	0	0	0	0	0	0	0	0	0	0	0	0	0	0	0	0	0	0	0	0	0	0	0	0	0	0	0	0	0	0	2e-04	0	0	0	0	0	0	0	0	0	0	0
Ihubacter	0.001	0.0014	0	4e-04	0	0.0021	0	5e-04	4e-04	0	0	4e-04	0.0012	8e-04	5e-04	8e-04	0	0	2e-04	0	4e-04	0	0	0	0	0	0	0	0	0	0	0	0	0	0	0	0	0	0	0	0	0	0	0	0	0	0	0
Intestinimonas	0.0071	0.003	4e-04	0.0034	0	0.0022	9e-04	9e-04	0.0012	0.003	0.0012	0.0024	4e-04	1e-04	0.0011	0.0011	0	0.0021	7e-04	0.0038	3e-04	0.002	0	0.0022	0	0	0	0	0	0	0	0	0	0	0	0	0	0	0	0	0	0	0	0	0	0	0	0.0054
Jeotgalicoccus	0	0	0	0	0	0	0	0	0	0	0	0	0	0	0	0	0	0	0	0	0	0	0	0	0	0	0	0	0	0	0	0	0	0	0	0	0	0	0	0	0	0	0	0	4e-04	0	0	0
Kineococcus	0	0	0	0	0	0	0	0	0	0	0	0	0	0	0	0	0	0	0	0	0	0	0	0	0	0	0	0	0	0	0	0	0	0	2e-04	0	0	0	0	0	0	0	0	0	0	0	0	0
Kineothrix	0	0	0.0116	0.0087	0.002	0.0044	0.0066	0.0024	0.0078	0.0212	0.0064	0.0054	0.0261	0.0023	0	0.0106	0.0114	0.0037	0.0056	0.0242	0.0126	0.0021	0.0012	0.0115	0	0	5e-04	0	0	0	0	0	0	0.0011	0	0	0	0	0	0	0	0	8e-04	3e-04	0	0	0.0169	0
Lactobacillus	0.001	0.0126	0.2512	0.0807	0.1594	0.1033	0.1528	0.0185	0.1516	0.0328	0.0096	0.0835	0.0206	0.0314	0.104	0.109	0.1461	0.1128	0.1879	0.0265	0.1218	0	0.0058	0.0017	0.0102	0.1152	0.3053	0.4582	0.3496	0.3119	0.2424	0.2723	0.3124	0.5263	0.358	0.2515	0.1232	0.6644	0.2114	0.5071	0.3409	0.1237	0.0634	0.1204	0.011	0.0066	0.0931	0.0312
Ligilactobacillus	0.0028	0.1146	0.0028	0.0223	0	0.0033	0.0064	0.067	0.0015	0.0159	0.301	0.0126	0.0673	0.0082	0.0094	0.0341	0.1954	0.0325	0.0021	8e-04	0.0794	0.0034	0.1126	7e-04	0.1163	0.3598	0.0014	0.1026	0	0.0206	0.0036	0.1602	0.0085	0.0989	0.1377	0.0428	0.4448	0.0514	0.2183	0.0644	0.1908	0.2765	0.0033	0.0222	0.0682	0.0544	0.0146	0.4598
Limosilactobacillus	0	0.0056	0.0098	0.0079	0.0177	0.0079	0.0215	0.0018	0.019	0.0038	0.0011	0.006	0.0054	0.0017	0.0397	0.0074	0.0387	0.0053	0.0227	0	0.0275	0	0	0	7e-04	0.0351	0.0208	0.0229	0.0346	0.0164	0.0333	0.0332	0.0457	0.0252	0.1144	0.012	0.065	0.0214	0.1307	0.0496	0.0754	0.0113	0.012	0	0	0	0.0404	0
Longibaculum	0	4e-04	4e-04	0	0	0	3e-04	5e-04	0.0043	0	0	0	0	0	0	0	0	0	0	0	0	0	1e-04	0	0	1e-04	0	0	0	0	0	0	0	0	0	0	0	0	0	0	0	0	0	0	0	0	0	0
Luteibacter	0	0	0	0	0	0	0	0	0	0	0	0	0	0	0	0	0	0	0	0	0	0	0	0	0	0	0	0	0	0	0	0	0	0	0	0	0	0	0	0	0	0	0	0	0	0	0	0.0141
Mesorhizobium	0	0	0	0	0	0	0	0	0	0	0	0	0	0	0	0	0	0	0	0	0	0	0	0	0	0.0012	0	6e-04	0	6e-04	0	4e-04	0	8e-04	0	5e-04	0	0	0	0	0	0	0	0	0	0	0	0
Methylobacterium	0	0	0	0	0	0	0	0	0	0	0	0	0	0	0	0	0	0	0	0	0	0	0	0	0	0	0	0	0	0	0	0	0	0	0	3e-04	0	6e-04	0	0	0	0	0	7e-04	0	0	0	0
Monoglobus	0.0013	6e-04	7e-04	0.0012	0	6e-04	0.0017	0	5e-04	2e-04	0	5e-04	0.0018	0	0	0	0	0.0023	0	8e-04	0	8e-04	0	0.0014	0	0	0	0	0	0	0	0	0	0	0	5e-04	0	0	0	0	0	0	0	0	0	0	0	0
Mucispirillum	0.0148	9e-04	0	0.0028	0	6e-04	0.0019	0.001	3e-04	0.0032	0.0041	0.0035	4e-04	0.0038	2e-04	8e-04	4e-04	8e-04	0	0.0063	3e-04	0.001	2e-04	0.0033	0	0	0	0	0	0	0	0	0	0	0	0	0	0.0049	0	0	0	0	0	0	0	0	8e-04	0.0131
Muribaculum	0	0	0	0.0084	0	0.0051	0.0054	0.0056	0.0075	0.0014	0	0.0046	3e-04	0.0074	0.0036	0.007	0.0053	0.0027	0.0078	0.0083	0	0.0047	0.0105	0.0026	0	0	0	0.0075	0	0.0021	0.0058	0.0068	0	0.003	0	0.0152	0	0	0	0	0	0.016	0	0.0071	0	0	0	0
Neglecta	0.0036	0.0028	5e-04	0.0031	0.0012	0.0052	0.0019	5e-04	0.0023	0.0049	1e-04	0.0018	0.0018	0.0022	0.0053	0.0023	7e-04	0.0036	7e-04	0.0016	0.0013	6e-04	0	0	0	0.0016	1e-04	2e-04	4e-04	0	0	0	0	7e-04	0	0	0	0	0	0	0	0.0034	0	0	0	0	2e-04	0
Noviherbaspirillum	0	0	0	0	0	0	0	0	0	0	0	0	0	0	0	0	0	0	0	0	0	0	0	0	0	0	0	0	0	1e-04	0	0	0	0	0	0	0	0	0	0	0	0	0	0	0	0	0	0
Oscillibacter	0.0029	0.0012	4e-04	0	0	8e-04	6e-04	0	7e-04	0.0043	4e-04	0.0018	0	0	0	0	0.0011	0.001	0	0	0	0	9e-04	0	0	0	0	0	0	0	0	0	0	0	0	0	0	0	0	0	0	0	0	0	0	0	0.0013	0
Paenibacillus	0	0	0	0	0	0	0	0	0	0	0	0	0	0	0	0	0	0	0	0	0	0	0	0	0	0	0	0	0	0	0	0	0	0	0	0	3e-04	0	0	0	0	0	0	0	0	0	0	0
Paludicola	0	4e-04	0	0	0	0	0	0	0	0	0	0	2e-04	0	0	0	0	0	0	0	0	0	0	0	0	0	0	0	0	0	0	0	0	0	0	0	0	0	0	0	0	0	0	0	0	0	0	0
Parabacteroides	0.0032	0.0103	0.0017	0.0114	0.0022	0.0108	0.0028	0.0073	0.0037	0.005	0.0035	0.0037	0.0065	0.0117	0.0052	0.0088	0.0022	0.007	0.0037	0.0138	0.0066	0.0786	0.0096	0.082	0	0	0	0	0	0	0	0	0	0	0	0	0	0	0	0	0	0	0	1e-04	0	0	5e-04	0
Paraburkholderia	0	0	0	0	0	0	0	0	0	0	0	0	0	0	0	0	0	0	0	0	0	0	0	0	0	1e-04	0	0	0	0	0	0	0	0	0	0	0	0	0	0	0	0	0	0	0	0	0	0
Paramuribaculum	0.0729	0.0965	0.0506	0.1025	0.0434	0.1342	0.0769	0.2042	0.0792	0.1259	0.1117	0.0794	0.1156	0.0999	0.0624	0.1283	0.0615	0.0788	0.0745	0.0706	0.1057	0.0738	0.0978	0.1135	0.117	0.1881	0.0263	0.1019	0.0254	0.0604	0.0851	0.3319	0	0.0601	0.0029	0.1312	0	0.0057	0	3e-04	0.051	0.0689	0.0083	0.0479	0.0135	0.0033	0.0186	0.0125
Parasutterella	0	2e-04	0.0052	0.001	0.0019	0.0027	0.0019	0.0087	0.0033	0	6e-04	8e-04	6e-04	0.0116	0	6e-04	6e-04	6e-04	0.0029	0	0	0	0.0053	0	0	7e-04	0.0037	1e-04	0	4e-04	4e-04	0.0017	0	0.0021	0	2e-04	0	0.0036	0	0	5e-04	8e-04	1e-04	0.0045	0	0	0	0
Phocaeicola	3e-04	0.0105	0	0.0088	0.0012	0.0095	0.0067	0.0121	0.006	0.0042	0.0052	0.0058	0.0119	0.0144	0.0091	0.0065	0.0032	0.0031	0.0079	0.003	0.0054	0.0164	0.0191	0.0029	0	3e-04	0	0	0	0	0	0	0	0	0	0	0	5e-04	0	0	0	0	0	0	0	0	4e-04	0
Polynucleobacter	0	0	0	0	0	0	0	0	0	0	0	0	0	0	0	0	0	0	0	0	0	0	0	0	0	0	0	3e-04	0	0	0	0	0	0	0	0	0	0	0	0	0	0	0	0	0	0	0	0
Proteus	0	0	0	0	0	0	0	0	0	0	0	0	0	0	0	0	0	0	0	0	0	0.0012	0	0	0	0	0	0	0	0	0	0	0	0	0	0	0	0.0013	0	0	0	0	0	0	0	0	0	0
Pseudarthrobacter	0	0	0	0	0	0	0	0	0	0	0	0	0	0	0	0	0	0	0	0	0	0	0	0	0	0	0	0	0	0	0	0	0	0	0	0	5e-04	0	0	0	0	0	0	0	0	0	0	0
Pseudomonas	0	0	0	0	0	0	0	0	0	0	0	0	0	0	0	0	0	0	0	0	0	0	0	0	0	0	0	1e-04	0	0	0	0	0	0	0	0	0	0.0041	0	0.0011	0	0	0	4e-04	0	0.0297	0	0.0445
Ralstonia	0	0	0	0	0	0	0	0	0	0	0	0	0	0	0	0	0	0	0	0	0	0	0	0	0	0	0	0	0	0	0	2e-04	0	0	0	0	0	0.0012	0	0	0	0	0	0.0019	0	0.0323	0	0.0389
Romboutsia	0	0	0	0	0	0	0	0	0	0	0	0	0	0	0	0	0	0	0	0	0	0	0.0974	0	0	0	0	0	0	0	0	0	0	0	0	0	0	0	0	0	0	0	0	0	0.1483	0	0	0
Roseburia	0	0.0057	0	0	0	0	0	0	0	0.0026	0	0.0036	0.0013	0	0	0.0013	0	0.001	0	7e-04	9e-04	0.002	0	0	0	0	0	0	0	0	0	0	0	0	0	0	0	0	0	0	0	0	0	0	0	0	0.0029	0
Rothia	0	0	0	0	0	0	0	0	0	0	0	0	0	0	0	0	0	0	0	0	0	0	0	0	0	2e-04	0	0	0	0	0	0	0	0	0	0	0.0048	0	0.0015	0	0	0	0	0	0	0	0	0
Ruminococcus	0.0019	0	0.0031	0	0.0033	2e-04	0.0058	0	0.0033	0	0.0028	3e-04	0.0116	0.004	0.0103	0.0011	6e-04	0.0023	0	0.0039	0.0103	0.0094	0	3e-04	2e-04	0	0	0	0	0	0	0	0	0	0	0	0	0	0	0	0	0	0	0	0	0	0	0
Ruthenibacterium	2e-04	0	0	0	0	4e-04	0	0	0	1e-04	0	0	0	0	0	0	0	0	0	0	3e-04	0	0	6e-04	0	0	0	0	0	0	0	0	0	0	0	0	0	0	0	0	0	0	0	0	0	0	0	0
Schaedlerella	0.0161	0.0011	0	0.0026	0	6e-04	0.0026	0.0022	7e-04	0.005	0.0016	0.0014	0.001	0.0028	0.0011	9e-04	0.0013	0.0059	0	0.0026	0.0012	0.0015	0.0032	6e-04	2e-04	0.0013	0	0.0015	0	2e-04	0	0	0	0.001	0	0	0	0	0	0	0	0.0013	0	0	0	0	0.0034	0
Sphingomonas	0	0	0	0	0	0	0	0	0	0	0	0	0	0	0	0	0	0	0	0	0	0	0	0	0	0	0	0.0014	0	0	0	0	0	0	0	0	0	0	0	0	0	0	0	0	0	0	0	0.0212
Staphylococcus	0.0028	3e-04	0	0	0.0192	0	0	0	0	0	0.0029	0	9e-04	0	7e-04	0	1e-04	0	0	0	0	5e-04	0.0054	0	0.0042	0.0044	3e-04	0	0.0103	0	0	5e-04	0	0.0016	0.0339	9e-04	0.0432	0.0045	0.0031	0.0011	0	0	0	0.0011	0.085	0.2281	0	0.0509
Stenotrophomonas	0	0	0	0	0	0	0	0	0	0	0	0	0	0	0	0	0	0	0	0	0	0	0	0	0.001	0	0	0	0	0	0	0	3e-04	0	0	0	0	0	0	0	0	0	0	0	0	0	0	0.0062
Streptococcus	0	0	0	1e-04	0	0	0	0	0	0	0	0	5e-04	0	0	0	0	0	0	0	0	0	0	0	3e-04	3e-04	0	7e-04	0	0	0	8e-04	0	4e-04	0.0019	0	0.0118	0.0039	8e-04	0.0051	0	0	0	0.002	0	0.1239	0	0.0312
Turicibacter	0.0048	0	0.1046	0	0.2697	0	0.2075	0	0.2106	1e-04	2e-04	0	0	5e-04	0	0	0	0	0.1853	0	0.0985	0	0.001	0	0.2005	0	0.2135	3e-04	0.2335	1e-04	0.5663	0	0.6041	0.0259	0	0	0	0	0	0	2e-04	0	0.776	0	0.0015	0	0.3572	0
