rdp	Colon_A1	Colon_A2	Colon_A3	Colon_A4	Colon_A5	Colon_A6	Colon_B1	Colon_B2	Colon_B3	Colon_B4	Colon_B5	Colon_B6	Colon_C1	Colon_C2	Colon_C3	Colon_C4	Colon_C5	Colon_C6	Colon_D1	Colon_D2	Colon_D3	Colon_D4	Colon_D5	Colon_D6	SI_A1	SI_A2	SI_A3	SI_A4	SI_A5	SI_A6	SI_B1	SI_B2	SI_B3	SI_B4	SI_B5	SI_B6	SI_C1	SI_C2	SI_C3	SI_C4	SI_C5	SI_C6	SI_D1	SI_D2	SI_D3	SI_D4	SI_D5	SI_D6
Aerococcaceae	0	0	0	0	0	0	0	0	0	0	0	0	0	0	0	0	0	0	0	0	0	0	0	0	7e-04	0	0	0	0	0	0	0	0	0	0	0	0	0	0	0	0	0	0	0	3e-04	0	0	0
Akkermansiaceae	0	0	0.0032	0.005	0	0.0256	0	0	0.0044	0	0	0	0	0.0641	8e-04	0	0.0094	0	0	0.0546	0	5e-04	0	0.1541	0	0	2e-04	0	0	7e-04	0	0	0	0	0	0	0	0	0	0	6e-04	0	0	0.0042	0	0.0105	0	0
Bacteroidaceae	0.0432	0.0872	0.0251	0.1196	0.025	0.1919	0.0694	0.1632	0.0909	0.0725	0.0513	0.0679	0.0966	0.2509	0.1102	0.0611	0.0595	0.0754	0.0611	0.0393	0.087	0.2241	0.144	0.0919	0	3e-04	0	0	0	0	0	0	0	0	0	0	0	0.0012	0	0	0	0	9e-04	4e-04	0	0	4e-04	0
Bifidobacteriaceae	0.0013	4e-04	0.2916	0.0104	0.2623	0.0214	0	0.0015	0	4e-04	0.0316	0.0343	0.1349	0.0133	0.1528	0.09	0.1034	0.0227	0.2088	0.0627	0.0066	0.0065	6e-04	0.024	0.0034	8e-04	0.4038	0.0906	0.2963	0.2408	0	0.0023	0	0.124	0.002	0.3658	0.0016	0	0	0.0038	0.1875	0.2404	0.01	0.6506	5e-04	0	0	0.013
Boseaceae	0	0	0	0	0	0	0	0	0	0	0	0	0	0	0	0	0	0	0	0	0	0	0	0	0	0	0	0	0	0	0	0	0	0	0	0	0	0	0	0	0	0	0	3e-04	0	0	0	0
Bradyrhizobiaceae	0	0	0	0	0	0	0	0	0	0	0	0	0	0	0	0	0	0	0	0	0	0	0	0	0	0	0	0	0	0	0	0	0	0	0	0	0	0	0	0	0	0	0	0	0	0	0	0.0205
Brevibacteriaceae	0	0	0	0	0	0	0	0	0	0	0	0	0	0	0	0	0	0	0	0	0	0	0	0	0	0	0	0	0	0	0	0	0	0	0	0	2e-04	0	0	0	0	0	0	0	0	0	0	0
Burkholderiaceae	0	0	0	0	0	0	0	0	0	0	0	0	0	0	0	0	0	0	0	0	0	0	0	0	0	1e-04	0	3e-04	0	0	0	2e-04	0	0	4e-04	0	0	0.0012	0	0	0	0	0	0.0019	0	0.0323	0	0.0412
Clostridiaceae 1	0	0	0.0097	0	0.0215	0	0	0	0.0042	0	0	0	0	0	0	0	0	0	0.0353	0	0.0408	0	0.1256	0	2e-04	0	4e-04	0	0.0036	0	0	0	3e-04	0.0062	0	0	0	0	1e-04	0	0	0	0.0801	0	0.1259	0	0.0144	0
Clostridiales_Incertae Sedis XIII	0.0015	0.0014	0	4e-04	0	0.0022	0	5e-04	4e-04	0	0	4e-04	0.0012	8e-04	5e-04	8e-04	0	0	2e-04	0	4e-04	0	0	1e-04	0	0	0	0	0	0	0	0	0	0	0	0	0	0	0	0	0	0	0	0	0	0	0	0
Corynebacteriaceae	0	0	0	0	0	0	0	0	0	0	0	0	0	0	0	0	0	0	0	0	0	0	0	0	0	0	0	0	0	0	0	0	0	0	0	0	0	0	0	0	0	0	0	0	0.0012	0	0	6e-04
Deferribacteraceae	0.0148	9e-04	0	0.0028	0	6e-04	0.0019	0.001	3e-04	0.0032	0.0041	0.0035	4e-04	0.0038	2e-04	8e-04	4e-04	8e-04	0	0.0063	3e-04	0.001	2e-04	0.0033	0	0	0	0	0	0	0	0	0	0	0	0	0	0.0049	0	0	0	0	0	0	0	0	8e-04	0.0131
Desulfovibrionaceae	0	0	0	0	0	0	5e-04	0	0	2e-04	0	0	0	0.0019	0	0	0	2e-04	0	0.0015	0	0.0069	0	0.0108	0	0	0	0	0	0	0	0	0	0	0	0	0	0	0	0	0	0	0	0	0	0	0	0
Eggerthellaceae	0.0391	0.0108	0.012	0.0157	0.0153	0.0059	0.0221	0.0185	0.0151	0.009	0.0294	0.0132	0.019	0.0121	0.0057	0.0151	0.0158	0.0133	0.0093	0.005	0.0177	0.0056	0.0114	0.0067	0.0861	0.0653	0.0096	0.0706	0.0185	0.0227	0.0177	0.0701	0	0.0517	0.0015	0.0515	0	4e-04	0	8e-04	0.0415	0.0608	5e-04	0.0147	0.0073	0.0209	0.0089	0.0024
Enterobacteriaceae	0	0	0	0	0	0	0	0	0	0	3e-04	0	3e-04	0	0	0	0	0	0	2e-04	0	8e-04	0	8e-04	0	3e-04	0	0	0	0	0	0	0	0	0.0114	0	0.0087	0.031	4e-04	0.0035	0	0	0	0	0	0.0387	0	0.007
Enterococcaceae	0	0	0	0	0	0	0	0	0	0	0	0	0	0	0	0	0	0	0	0	0	0	0	0	0	0	0	0	0	0	0	0	0	0	6e-04	0	7e-04	0.0017	0	0	0	0	0	0	0	0	0	0
Erysipelotrichaceae	0.0244	0.008	0.1067	0.0066	0.2763	0.0034	0.2129	0.0804	0.2214	0.0041	0.0096	8e-04	0.0075	0.0156	0.0301	0.0104	0.0076	0.004	0.1885	8e-04	0.1022	0.0032	0.009	0.0024	0.2009	0.002	0.2135	3e-04	0.2335	1e-04	0.5663	0.0028	0.6041	0.0259	0	7e-04	0	0	0	0	0.0016	0.003	0.776	0.0016	0.0015	0	0.3572	0.0013
Eubacteriaceae	7e-04	0	0	2e-04	0	0	0	0	0	0	1e-04	3e-04	4e-04	0	0	2e-04	6e-04	0	1e-04	0	0	0	0	0	0	0	0	0	0	0	0	0	0	0	0	0	0	0	0	0	0	0	0	0	0	0	0	0
Glycomycetaceae	0	0	0	0	0	0	0	0	0	0	0	0	0	0	0	0	0	0	0	0	0	0	0	0	0	0	0	0	0	0	0	0	0	0	0	0	2e-04	0	0	0	0	0	0	0	0	0	0	0
Kineosporiaceae	0	0	0	0	0	0	0	0	0	0	0	0	0	0	0	0	0	0	0	0	0	0	0	0	0	0	0	0	0	0	0	0	0	0	2e-04	0	0	0	0	0	0	0	0	0	0	0	0	0
Lachnospiraceae	0.4739	0.3338	0.1268	0.2951	0.0787	0.2401	0.2313	0.2274	0.2402	0.44	0.2889	0.4579	0.2697	0.2482	0.1796	0.218	0.2216	0.3671	0.0741	0.3724	0.1838	0.1965	0.126	0.1536	0.0304	0.067	0.0036	0.0273	0.0109	0.0166	0.0046	0.0179	0.0013	0.0176	0.0481	0.0164	0.0028	0.0396	0	0.0095	0.0373	0.0825	0.0313	0.0318	0.0027	0.1028	0.3468	0.0943
Lactobacillaceae	0.0038	0.1328	0.2638	0.1109	0.1771	0.1145	0.1807	0.0873	0.1721	0.0525	0.3117	0.1021	0.0933	0.0413	0.1531	0.1505	0.3802	0.1506	0.2127	0.0273	0.2287	0.0034	0.1184	0.0024	0.1272	0.5101	0.3275	0.5837	0.3842	0.3489	0.2793	0.4657	0.3666	0.6504	0.6101	0.3063	0.633	0.7372	0.5604	0.6211	0.6071	0.4115	0.0787	0.1426	0.0792	0.061	0.1481	0.491
Methylobacteriaceae	0	0	0	0	0	0	0	0	0	0	0	0	0	0	0	0	0	0	0	0	0	0	0	0	0	0	0	0	0	0	0	0	0	0	0	3e-04	0	6e-04	0	0	0	0	0	7e-04	0	0	0	0
Microbacteriaceae	0	0	0	0	0	0	0	0	0	0	0	0	0	0	0	0	0	0	0	0	0	0	0	0	2e-04	0	0	0	0	0	4e-04	0	0	0	0	0	0.0026	0	0	0.0039	0	0	0	0	0	0	0	0
Micrococcaceae	0	0	0	0	0	0	0	0	0	0	0	0	0	0	0	0	0	0	0	0	0	0	0	0	0	2e-04	0	0	0	0	0	0	0	0	0	0	0.0053	0	0.0015	0	0	0	0	0	0	0	0	0
Moraxellaceae	0	0	0	2e-04	0	0	0	0	0	0	0	0	0	0	0	0	0	0	0	0	0	0	0	0	0	0.0045	0	0.0219	0	0	0	0	0	0	0	0	0	6e-04	0	0.0024	0	0	0	0.0013	0	0.3045	0	0
Morganellaceae	0	0	0	0	0	0	0	0	0	0	0	0	0	0	0	0	0	0	0	0	0	0.0012	0	0	0	0	0	0	0	0	0	0	0	0	0	0	0	0.0013	0	0	0	0	0	0	0	0	0	0
Muribaculaceae	0.1044	0.142	0.0829	0.1718	0.0654	0.1807	0.1526	0.2686	0.1265	0.1854	0.1446	0.1228	0.1632	0.1686	0.1339	0.2029	0.1227	0.1314	0.1392	0.1509	0.141	0.1497	0.1765	0.1768	0.128	0.2234	0.0357	0.155	0.0348	0.07	0.1255	0.3778	0	0.0909	0.0058	0.222	0	0.0089	0	0.0014	0.0658	0.17	0.0119	0.1117	0.0217	0.0033	0.0212	0.0151
Oxalobacteraceae	0	0	2e-04	0	0	3e-04	0	0	0	0	0	0	0	0	0	4e-04	0	0	0	0	5e-04	8e-04	0	6e-04	0	0	0	0	0	1e-04	0	0	0	0	0	0	0	0	0	0	0	0	0	0	0	0	0	0
Paenibacillaceae 1	0	0	0	0	0	0	0	0	0	0	0	0	0	0	0	0	0	0	0	0	0	0	0	0	0	0	0	0	0	0	0	0	0	0	0	0	3e-04	0	0	0	0	0	0	0	0	0	0	0
Peptostreptococcaceae	0	0	0	0	0	0	0	0	0	0	0	0	0	0	0	0	0	0	0	0	0	0	0.0974	0	0	0	0	0	0	0	0	0	0	0	0	0	0	0	0	0	0	0	0	0	0.1483	0	0	0
Phyllobacteriaceae	0	0	0	0	0	0	0	0	0	0	0	0	0	0	0	0	0	0	0	0	0	0	0	0	0	0.0012	0	6e-04	0	6e-04	0	4e-04	0	8e-04	0	5e-04	0	0	0	0	0	0	0	0	0	0	0	0
Porphyromonadaceae	0.0032	0.0103	0.0017	0.0114	0.0022	0.0108	0.0028	0.0073	0.0037	0.005	0.0035	0.0037	0.0065	0.0117	0.0052	0.0088	0.0022	0.007	0.0037	0.0138	0.0066	0.0786	0.0096	0.082	0	0	0	0	0	0	0	0	0	0	0	0	0	0	0	0	0	0	0	1e-04	0	0	5e-04	0
Pseudomonadaceae	0	0	0	0	0	0	0	0	0	0	0	0	0	0	0	0	0	0	0	0	0	0	0	0	0	0	0	1e-04	0	0	0	0	0	0	0	0	0	0.0041	0	0.0011	0	0	0	4e-04	0	0.0297	0	0.0445
Rhizobiaceae	0	0	0	0	0	0	0	0	0	0	0	0	0	0	0	0	0	0	0	0	0	0	0	0	0	0	0	0	0	0	0	0	0	0	0	0	0	0	0	7e-04	0	0	0	0	0	0	0	0
Rhodanobacteraceae	0	0	0	0	0	0	0	0	0	0	0	0	0	0	0	0	0	0	0	0	0	0	0	0	0	0	0	0	0	0	0	0	0	0	0	0	0	0	0	0	0	0	0	0	0	0	0	0.0141
Rikenellaceae	0.0884	0.1468	0.0118	0.1146	0.0223	0.1068	0.0354	0.0923	0.0274	0.0721	0.0474	0.1256	0.0899	0.066	0.0563	0.1215	0.0399	0.1021	0.0303	0.1186	0.0937	0.1013	0.051	0.1166	1e-04	0	0	0	0	0	0	0	0	0	0	0	0	9e-04	0	2e-04	0	3e-04	0.0021	0.0012	0	0	0.0057	0.0266
Ruminococcaceae	0.0911	0.0344	0.0161	0.0348	0.0086	0.0361	0.0333	0.0143	0.0254	0.0606	0.0256	0.0359	0.044	0.0341	0.0516	0.0278	0.016	0.0438	0.0094	0.0888	0.0373	0.0736	0.0152	0.0531	0.0022	0.0022	1e-04	5e-04	6e-04	4e-04	0	0	0	0.0017	0.0016	5e-04	0	0.004	0	0	0	0.0046	0.0014	8e-04	0	0	0.0131	0.0364
Sphingomonadaceae	0	0	0	0	0	0	0	0	0	0	0	0	0	0	0	0	0	0	0	0	0	0	0	0	0	0	0	0.0014	0	0	0	0	0	0	0	0	0	0	0	0	0	0	0	2e-04	0	0	0	0.0212
Staphylococcaceae	0.0028	3e-04	0	0	0.02	0	2e-04	0	0	0	0.0029	0	9e-04	0	7e-04	0	1e-04	0	0	0	0	5e-04	0.0554	0	0.0042	0.0044	3e-04	0	0.0108	0	0	5e-04	0	0.0016	0.0339	9e-04	0.0432	0.0045	0.0031	0.0011	0	0	0	0.0011	0.5833	0.2281	0	0.0509
Streptococcaceae	0	0	0	1e-04	0	0	0	0	0	0	0	0	5e-04	0	0	0	0	0	0	0	0	0	0	0	3e-04	3e-04	0	7e-04	0	0	0	8e-04	0	4e-04	0.0019	0	0.0118	0.0039	8e-04	0.0051	0	0	0	0.002	0	0.1239	0	0.0312
Streptophyta	0	0	0	2e-04	0	1e-04	0	0	0	0	0	0	1e-04	0	1e-04	0	0	3e-04	0	0	0	0	0	0	4e-04	0.012	0	0.0026	0	0.0011	0	0	2e-04	0	0.001	5e-04	0.0021	0.003	0.0012	0.0963	0	4e-04	0	0.0048	0	0	0	0
Sutterellaceae	0	2e-04	0.0052	0.001	0.0019	0.0027	0.0019	0.0087	0.0033	0	6e-04	8e-04	6e-04	0.0116	0	6e-04	6e-04	6e-04	0.0029	0	0	0	0.0053	0	0	7e-04	0.0037	1e-04	0	4e-04	4e-04	0.0017	0	0.0021	0	2e-04	0	0.0036	0	0	5e-04	8e-04	1e-04	0.0045	0	0	0	0
Weeksellaceae	0	0	0	0	0	4e-04	0	0	0	0	0	0	0	0	0	0	0	0	0	0	0	0	0	0	0	0	0	0.0085	0	0	0	0	0	0	0	0	0	0	0	0	0	0	0	0	0	0	0	0
Xanthomonadaceae	0	0	0	0	0	0	0	0	0	0	0	0	0	0	0	0	0	0	0	0	0	0	0	0	0.001	0	0	0	0	0	0	0	3e-04	0	0	0	0	0	0	0	0	0	0	0	0	0	0	0.0062
